Lagrange2 : 935.884
Lagrange3 : 627.019
Lagrange4 : 413.452
Lagrange5 : 226.937
Lagrange6 : 148.989
Lagrange7 : 94.2041
Lagrange8 : 57.2459
Lagrange9 : 40.5253
Lagrange10 : 23.4464
Lagrange11 : 17.9461
Lagrange12 : 10.207
Lagrange13 : 8.04001
Lagrange14 : 4.58073
Lagrange15 : 3.59659
Lagrange16 : 2.06919
Lagrange17 : 1.5926
Lagrange18 : 0.927218
Lagrange19 : 0.694593
Lagrange20 : 0.40915
Lagrange21 : 0.297594
Lagrange22 : 0.177189
Lagrange23 : 0.125139
Lagrange24 : 0.0752145
Lagrange25 : 0.0516185
Lagrange26 : 0.0312846
Lagrange27 : 0.020891
Lagrange28 : 0.0127562
Lagrange29 : 0.00829881
Lagrange30 : 0.00510224
Lagrange31 : 0.00323749
Lagrange32 : 0.00200241
Lagrange33 : 0.00124099
Lagrange34 : 0.000771988
Lagrange35 : 0.000467976
Lagrange36 : 0.000292176
Lagrange37 : 0.000173031
Lagrange38 : 0.000108426
Lagrange39 : 5.91638e-05
Lagrange40 : 4.25911e-05
Lagrange41 : 2.54278e-05
Lagrange42 : 6.236e-05
Lagrange43 : 8.92085e-05
Lagrange44 : 0.000256848
Lagrange45 : 0.000553926
Lagrange46 : 0.000759831
Lagrange47 : 0.00152493
Lagrange48 : 0.00281447
Lagrange49 : 0.00499455
Lagrange50 : 0.0120689
Lagrange51 : 0.0237905
Lagrange52 : 0.0307674
Lagrange53 : 0.105349
Lagrange54 : 0.135614
Lagrange55 : 0.394473
Lagrange56 : 0.301045
Lagrange57 : 0.912321
Lagrange58 : 1.93031
Lagrange59 : 3.57562
Lagrange60 : 9.59644
Lagrange61 : 10.7349
Lagrange62 : 19.2546
Lagrange63 : 54.4978
Lagrange64 : 74.048
Lagrange65 : 124.155
Lagrange66 : 337.463
Lagrange67 : 432.679
Lagrange68 : 1343.43
Lagrange69 : 2932.56
Lagrange70 : 5471.8
Lagrange71 : 12453.6
Lagrange72 : 26527.9
Lagrange73 : 50556.6
Lagrange74 : 95224.3
Lagrange75 : 176673
Lagrange76 : 312656
Lagrange77 : 472792
Lagrange78 : 987975
Lagrange79 : 1.9747e+06
Lagrange80 : 4.18348e+06
Lagrange81 : 8.13866e+06
Lagrange82 : 8.68624e+06
Lagrange83 : 2.91635e+07
Lagrange84 : 5.75069e+07
Lagrange85 : 9.15677e+07
Lagrange86 : 2.30887e+08
Lagrange87 : 5.03145e+08
Lagrange88 : 7.28414e+08
Lagrange89 : 1.40312e+09
Lagrange90 : 2.91411e+09
Lagrange91 : 4.70833e+09
Lagrange92 : 8.4654e+09
Lagrange93 : 2.72261e+10
Lagrange94 : 5.11848e+10
Lagrange95 : 1.18977e+11
Lagrange96 : 2.20314e+11
Lagrange97 : 4.36889e+11
Lagrange98 : 8.57994e+11
Lagrange99 : 1.59774e+12
